818 2575
361 589
202 624
574 713
772 6
684 399
708 716
286 543
237 201
245 372
177 647
507 207
509 319
168 265
741 399
744 509
237 512
640 168
811 546
127 138
36 256
347 224
55 723
559 242
302 601
104 416
750 294
331 526
794 359
101 700
90 53
71 245
130 713
647 198
318 712
389 632
763 333
602 136
436 767
683 185
686 523
569 767
623 798
609 526
224 39
288 190
660 590
438 30
297 32
23 624
338 281
273 63
755 258
574 159
260 664
745 594
809 190
602 716
180 752
536 328
664 189
438 312
186 321
61 766
297 661
562 773
482 651
416 454
198 2
572 727
475 805
759 120
27 291
230 691
411 503
122 799
472 146
811 521
775 551
408 623
48 640
175 72
706 715
158 325
548 312
164 770
511 597
718 200
501 591
445 466
229 5
765 766
632 248
105 152
15 154
110 80
499 1
645 458
472 548
94 703
152 129
264 165
782 43
557 495
697 30
37 80
772 712
558 199
99 235
83 146
159 53
386 545
495 316
685 668
80 132
91 694
165 286
592 6
68 542
694 773
553 362
292 277
813 371
27 642
598 735
416 33
659 585
413 58
171 386
281 582
179 322
144 160
470 327
326 525
627 199
478 263
193 432
212 183
637 223
70 744
133 536
363 696
570 806
310 160
510 144
331 365
167 180
136 365
300 398
46 421
469 238
363 156
132 599
101 443
337 602
361 627
806 531
279 662
448 376
528 130
106 402
624 150
327 208
457 580
168 188
140 2
401 283
436 726
36 115
578 384
17 23
37 220
630 512
26 690
408 361
706 208
445 188
742 10
47 407
106 10
217 594
107 735
476 790
652 817
275 366
728 439
196 31
89 566
492 579
38 388
59 346
814 659
319 339
603 716
710 544
443 104
617 613
409 611
713 90
239 791
59 56
152 624
729 301
785 3
246 101
716 651
148 709
518 815
815 817
227 568
530 707
730 340
471 715
769 784
763 117
116 221
668 2
154 574
374 552
802 303
45 331
437 376
298 709
652 526
121 669
446 547
250 160
15 736
417 177
310 804
811 698
336 602
280 247
529 110
306 33
35 485
125 678
114 286
330 171
646 93
686 249
489 29
61 608
271 40
678 472
221 3
22 555
95 163
785 294
364 763
19 48
241 573
294 671
409 58
779 151
766 368
803 285
419 516
191 144
635 129
601 452
360 44
90 221
383 474
441 608
705 294
708 738
161 609
685 493
133 48
118 219
816 766
502 186
784 528
584 362
290 64
77 48
79 19
13 315
355 388
232 762
250 178
14 305
57 420
517 235
576 697
281 249
248 463
563 24
414 709
216 500
207 634
661 485
599 101
584 258
326 801
292 145
758 371
741 281
247 399
503 620
750 553
163 388
258 432
335 325
154 698
67 544
70 543
658 689
680 506
131 124
117 395
500 261
476 280
217 695
802 551
181 719
2 243
721 7
425 416
321 511
397 423
309 240
497 112
667 265
268 340
507 622
240 552
796 277
257 250
229 79
585 529
287 599
578 528
794 597
137 334
543 306
619 389
323 151
309 72
699 45
332 356
631 655
157 473
782 695
648 763
400 614
59 372
576 26
133 592
379 454
217 269
401 355
792 332
262 592
466 618
328 194
510 174
632 762
100 507
684 198
15 370
59 630
543 712
639 626
435 529
131 181
810 719
775 595
465 121
358 716
620 759
414 178
725 60
187 619
298 228
742 166
689 298
708 82
531 571
126 637
792 13
80 213
579 455
767 508
15 379
729 420
521 450
722 120
189 564
671 396
297 194
384 73
312 662
349 623
154 381
8 143
284 415
12 577
198 573
368 264
204 102
740 48
542 266
799 664
17 621
625 315
368 359
760 211
335 472
618 145
547 151
720 615
415 417
254 411
533 185
536 136
791 202
186 632
796 183
158 605
101 461
34 717
625 758
555 117
480 616
281 617
728 713
452 390
370 622
259 148
614 164
219 569
495 75
332 404
760 621
764 77
445 43
288 413
567 487
219 598
385 790
455 624
614 204
483 273
711 681
18 556
737 247
297 40
575 325
79 480
64 402
818 762
50 157
516 117
699 191
278 320
614 485
333 811
804 648
52 693
257 731
700 361
354 352
83 345
282 363
302 512
449 92
160 612
343 141
662 661
638 80
538 495
535 669
45 749
779 414
526 734
551 754
350 586
398 500
652 669
165 192
122 230
345 330
552 110
419 89
421 304
591 322
795 632
669 650
600 378
12 216
677 143
737 636
486 681
435 784
475 335
235 394
262 291
688 726
581 602
430 96
757 600
81 296
29 8
656 361
684 768
237 602
109 805
665 461
723 601
620 439
451 433
432 685
238 316
94 449
102 74
391 760
777 440
484 43
375 345
434 269
234 702
39 678
816 732
569 577
532 232
438 801
43 294
547 557
695 310
493 378
130 340
209 534
229 128
67 61
802 56
782 265
684 802
4 103
503 285
430 551
289 657
370 284
733 390
617 805
287 183
508 370
535 784
759 410
375 9
786 774
269 754
420 536
617 71
104 355
732 203
509 94
516 143
803 583
201 536
456 272
91 668
166 568
186 591
171 145
542 416
102 285
436 11
574 776
703 696
648 479
816 20
90 748
14 349
327 419
519 655
404 419
317 393
601 183
29 422
250 376
639 230
414 699
429 570
297 457
558 301
407 233
762 287
178 742
587 526
142 366
759 684
132 702
231 314
541 744
608 173
555 502
385 47
259 648
448 585
192 5
806 206
331 42
131 620
557 429
410 64
195 372
712 298
732 515
271 636
368 608
772 89
39 586
631 417
544 611
195 206
179 127
381 135
71 512
755 595
737 407
41 565
807 97
389 696
732 756
788 424
537 309
773 119
668 646
762 708
707 184
193 771
530 675
785 583
454 481
611 363
766 218
506 71
260 326
301 745
201 563
685 514
392 674
501 192
376 476
798 803
272 247
302 130
358 111
785 431
549 478
382 97
241 390
333 494
123 146
618 268
215 323
180 156
660 105
2 249
173 256
104 580
618 671
747 817
203 482
479 369
544 38
413 237
768 772
180 69
625 141
259 622
426 392
725 687
727 671
377 68
303 377
250 631
114 797
480 496
597 357
710 145
732 633
404 249
424 130
634 576
339 420
654 504
312 77
628 102
576 4
260 703
282 806
393 761
726 789
214 387
142 330
623 663
555 581
702 201
542 648
482 161
463 321
526 492
381 259
183 667
268 344
289 416
141 131
482 86
233 677
458 514
331 167
267 322
748 172
608 209
293 793
720 64
41 94
81 620
524 541
639 799
359 354
670 36
497 330
189 372
541 522
763 390
330 455
761 744
389 611
404 594
163 573
631 647
619 199
287 231
625 39
628 116
776 63
690 38
156 769
234 768
109 404
185 726
241 465
558 604
569 166
115 514
700 309
78 367
444 251
274 728
233 774
570 143
571 247
320 654
491 21
67 34
105 791
586 15
399 72
316 698
578 206
325 458
527 655
526 449
624 436
813 54
635 631
176 458
316 706
595 569
762 811
817 140
237 192
642 666
147 40
645 767
174 215
158 23
88 442
539 619
226 674
89 234
589 106
9 342
527 550
493 190
39 697
353 756
101 382
247 499
782 490
359 111
380 811
159 681
163 791
350 61
154 133
330 450
438 784
322 200
474 521
36 304
762 714
105 294
88 362
786 513
201 634
36 391
793 4
655 682
551 144
274 265
441 101
424 422
560 595
523 435
210 289
118 612
138 213
797 809
74 608
420 628
630 597
349 153
249 49
54 496
315 170
249 367
802 664
213 711
514 731
243 550
449 443
200 286
602 398
617 536
568 723
550 487
154 508
299 566
817 482
399 585
170 220
631 633
452 776
458 236
289 612
657 631
585 146
413 346
351 61
135 719
802 629
397 208
719 445
619 690
767 385
70 179
218 405
163 761
314 58
614 572
558 281
724 84
10 211
655 641
586 85
768 144
308 73
756 591
478 551
562 42
411 183
532 548
79 462
19 135
366 306
168 469
741 536
633 135
465 277
581 698
512 479
736 579
199 701
476 793
76 310
788 702
807 708
23 309
45 307
339 640
222 79
44 416
814 761
598 751
486 21
789 266
332 816
370 255
225 285
434 515
110 592
386 117
630 122
541 715
34 364
252 539
643 7
620 384
610 494
234 359
738 695
776 254
544 784
45 445
162 123
716 566
509 784
662 734
438 276
741 453
135 332
430 18
486 159
87 55
218 808
94 330
760 559
373 204
11 633
137 10
628 598
602 223
68 90
235 801
345 174
7 692
532 461
596 295
490 804
416 644
99 456
209 181
601 782
640 105
658 725
553 102
519 276
423 533
751 577
4 663
98 131
617 799
375 102
33 225
292 295
768 452
370 153
371 552
725 668
482 734
622 12
43 146
390 304
121 503
671 284
329 628
479 506
708 346
28 527
484 524
801 777
89 84
680 443
475 41
6 324
444 319
390 82
711 76
56 37
702 651
244 615
796 324
251 767
437 761
719 502
336 586
213 98
399 175
493 231
256 215
686 706
283 156
11 51
140 72
181 629
592 324
339 786
433 35
18 361
250 272
663 493
497 16
64 156
279 484
319 198
66 550
14 318
550 476
378 574
211 259
346 486
92 729
364 342
2 12
60 498
688 330
357 747
728 518
415 624
608 551
738 182
436 619
464 377
521 78
474 501
777 578
156 675
585 170
587 193
238 814
96 105
459 594
686 54
64 2
388 758
412 415
97 206
701 629
282 104
676 152
182 449
734 146
98 167
740 775
251 399
803 426
248 67
134 397
410 327
247 635
5 638
348 31
356 228
556 622
777 111
581 492
156 124
512 594
30 605
118 578
419 691
212 86
379 151
713 320
768 160
23 381
354 20
763 176
504 46
379 465
413 290
306 476
372 13
137 749
227 802
751 661
754 612
370 634
326 498
523 628
196 450
137 564
45 227
450 715
730 174
643 219
787 751
704 95
758 715
279 411
501 172
546 315
477 678
381 743
581 152
84 672
450 375
762 393
666 784
692 591
483 814
706 444
197 784
680 620
787 647
11 613
522 473
171 64
155 394
413 749
183 459
399 80
612 576
648 25
278 436
59 729
814 31
124 215
609 239
294 25
246 294
15 145
661 655
186 308
288 103
53 511
239 370
385 135
154 19
263 162
57 147
91 725
311 540
244 545
304 726
502 233
381 334
700 364
493 554
792 426
543 392
89 671
326 543
554 428
224 396
157 567
124 7
400 103
496 43
230 377
162 490
643 808
165 111
366 431
258 569
294 450
499 151
428 694
112 106
682 298
810 487
776 736
742 319
326 534
27 317
616 697
289 55
309 790
133 324
648 191
23 297
260 762
693 619
712 401
317 125
419 91
442 280
81 243
617 276
545 87
660 203
556 77
313 411
578 556
151 770
321 96
621 469
624 583
402 726
440 477
158 172
316 490
140 184
251 616
201 619
76 144
558 681
46 54
712 408
282 385
570 481
220 298
96 376
810 659
725 766
799 726
693 810
693 485
473 53
239 773
217 449
84 22
546 185
525 502
588 25
754 241
245 5
793 115
284 410
66 815
140 183
382 685
606 6
237 342
718 177
496 80
613 421
647 346
746 653
466 782
123 275
213 712
197 51
701 184
594 18
685 286
192 732
173 202
46 424
251 439
401 481
755 400
460 268
368 267
42 140
446 331
198 408
510 228
791 24
455 438
362 803
140 763
196 607
308 162
219 281
242 721
5 142
253 795
218 211
60 754
666 469
76 748
78 639
686 453
72 661
490 652
492 357
607 630
599 217
268 483
291 409
256 149
131 470
354 96
595 634
598 517
196 26
327 383
255 78
162 488
114 72
149 140
777 313
597 152
106 645
452 307
769 23
57 293
440 208
74 234
451 80
105 548
788 420
257 225
438 277
812 559
136 88
28 395
232 236
687 48
567 726
605 74
736 594
628 413
421 710
708 802
572 191
149 730
350 96
119 651
465 32
130 178
666 310
583 75
190 498
707 803
488 537
215 478
180 684
363 132
309 448
737 90
499 580
722 676
82 113
49 693
230 57
196 556
567 559
694 518
398 195
221 548
534 522
332 323
432 223
164 81
285 153
770 145
811 433
264 449
433 811
604 374
437 4
723 32
483 474
156 428
709 29
69 744
358 526
507 698
61 216
95 585
97 186
595 218
23 605
265 695
663 165
381 45
236 683
661 390
461 480
210 778
283 634
430 330
362 682
771 266
349 501
480 280
387 117
722 519
300 722
65 776
264 456
604 333
588 220
601 696
666 751
539 151
243 649
728 92
369 472
810 590
521 380
755 220
504 171
622 317
456 195
347 788
523 23
775 44
564 382
674 778
106 271
343 547
770 99
384 580
150 129
773 410
531 553
92 400
644 325
628 322
648 768
91 282
621 413
566 253
627 564
719 367
207 588
797 636
559 525
708 774
33 727
89 421
213 507
146 228
499 770
712 582
586 99
290 538
299 328
229 519
267 476
34 417
806 153
665 193
22 797
612 216
206 227
243 663
446 199
786 237
346 494
275 550
314 445
651 131
48 92
278 545
802 470
731 619
680 519
425 139
362 647
769 560
312 634
723 283
57 194
471 322
640 222
678 272
246 647
522 811
317 445
82 665
620 7
434 531
307 251
570 329
401 130
44 3
89 618
680 526
589 55
130 755
20 278
500 52
193 145
38 347
186 763
552 212
775 168
781 758
730 238
609 77
59 108
264 745
45 81
671 598
466 166
798 575
216 279
524 154
517 93
459 326
477 123
26 213
335 77
694 241
606 375
576 107
26 395
564 338
305 59
606 262
661 532
670 671
763 313
402 755
519 721
761 200
300 137
165 188
620 459
221 478
208 488
232 458
529 376
219 232
473 725
679 502
403 357
421 450
152 660
479 348
250 545
569 589
158 814
38 767
664 186
682 313
520 617
5 532
284 435
212 40
395 632
281 526
307 154
384 316
187 762
757 335
23 543
686 197
657 510
417 420
652 134
474 703
700 436
811 219
5 379
82 533
710 5
456 237
477 254
499 145
248 218
308 486
130 770
419 624
284 536
254 171
245 184
35 109
109 14
259 158
291 747
284 788
374 327
285 611
489 645
715 313
627 427
365 640
64 602
11 279
87 743
94 156
522 347
689 708
49 464
656 653
87 466
753 210
131 1
807 512
777 623
660 136
431 481
588 228
111 743
817 728
478 281
321 31
250 789
161 694
650 337
807 731
687 769
453 262
690 701
378 75
431 199
125 120
661 12
754 478
516 769
61 497
83 754
563 188
13 366
272 765
383 175
294 3
139 533
510 652
663 816
406 568
336 95
746 133
33 558
129 115
96 138
558 276
178 705
730 495
640 539
239 249
349 585
170 109
154 291
559 383
192 327
622 111
199 234
271 233
720 462
405 13
524 386
449 35
68 774
162 223
3 107
405 126
43 663
374 231
233 159
506 39
402 700
226 467
246 632
674 296
401 415
773 143
226 25
88 310
248 577
749 331
369 226
403 294
425 162
470 740
768 75
162 214
111 754
573 537
574 409
189 186
731 571
642 146
699 530
354 545
389 110
465 53
104 72
432 186
345 751
125 590
273 16
203 339
645 707
80 550
248 253
656 36
52 482
396 359
342 634
662 435
24 67
388 57
543 340
818 264
593 769
677 509
493 257
37 740
518 146
595 637
514 778
642 726
572 750
315 802
357 372
318 71
196 733
180 567
382 559
398 784
149 252
78 146
85 766
566 797
308 456
143 580
699 415
38 209
518 335
523 144
623 268
120 499
374 258
676 626
149 35
204 709
231 28
804 436
473 374
368 49
221 591
28 682
614 806
31 336
89 505
533 579
607 27
771 210
704 159
816 505
137 152
11 236
654 200
586 258
287 651
203 580
792 39
279 584
63 367
619 413
579 633
70 471
751 722
165 219
263 84
70 157
255 777
315 653
526 570
430 245
288 361
41 103
323 23
74 505
55 9
664 249
169 701
189 103
82 105
464 692
503 333
801 670
179 427
494 63
222 661
411 537
626 134
386 642
650 150
134 271
48 588
250 504
74 401
148 98
379 155
542 299
753 154
421 285
582 404
702 60
170 341
224 515
174 629
624 173
454 720
237 299
577 182
480 783
415 81
643 319
58 773
294 248
705 679
571 30
12 552
280 795
134 544
66 234
784 18
784 219
680 626
36 376
184 353
311 379
343 249
705 308
565 421
211 809
360 173
396 491
555 553
331 163
391 799
286 115
36 129
307 328
413 797
591 268
297 224
406 450
778 235
466 34
654 537
197 327
400 700
365 135
794 593
100 237
122 656
506 744
364 335
679 373
58 411
61 361
10 262
671 752
85 509
487 403
715 756
259 560
665 597
31 683
175 598
33 131
217 273
370 187
153 569
64 236
138 53
394 155
414 659
516 180
773 547
724 439
670 480
506 503
490 365
802 494
770 657
416 520
373 289
235 320
351 346
274 230
19 524
793 335
649 498
390 378
486 211
477 542
459 63
209 129
670 22
173 662
45 225
471 817
420 462
459 797
555 520
32 809
213 657
162 645
769 94
401 337
58 793
187 816
120 444
467 231
90 796
10 416
781 10
766 493
127 459
733 679
115 582
722 440
8 43
337 139
28 182
75 568
205 404
765 238
381 817
71 716
805 86
262 569
799 216
394 180
350 347
777 384
486 348
37 275
544 575
139 463
657 752
400 300
275 690
742 252
809 17
111 466
61 164
214 238
565 185
401 649
728 473
451 681
94 697
701 91
296 325
705 628
560 780
189 6
583 500
232 792
325 17
273 736
638 158
368 797
383 367
650 277
758 722
173 530
796 590
102 790
529 506
711 459
418 177
700 357
183 499
596 100
372 568
301 185
38 486
325 248
737 147
369 748
187 495
45 180
229 226
54 601
202 452
292 531
243 71
176 34
117 247
526 589
158 555
203 792
15 24
663 621
81 558
613 616
465 82
639 39
489 340
499 276
590 601
169 809
387 520
317 353
451 774
415 788
595 339
167 521
149 14
671 562
546 626
451 234
454 640
492 24
717 6
113 341
721 760
376 438
658 1
508 376
571 800
737 536
295 87
143 445
661 133
402 9
221 195
114 319
315 386
625 159
355 612
82 724
307 371
96 600
498 561
431 103
320 190
753 45
703 241
408 585
44 98
669 188
743 149
504 242
290 747
807 455
384 620
615 528
135 458
241 485
96 480
540 235
501 470
14 141
348 660
39 714
25 597
72 3
314 192
764 70
174 591
632 170
48 491
485 138
457 451
130 299
387 424
692 581
279 142
51 685
392 460
590 592
354 582
135 26
504 145
802 446
362 812
172 726
662 804
354 569
758 646
409 757
790 222
584 165
271 86
383 253
266 577
243 519
562 654
528 471
177 63
366 597
130 290
773 1
300 630
708 157
375 435
33 387
94 329
220 80
614 597
54 85
640 585
533 327
536 522
575 806
780 514
431 227
508 156
439 99
376 656
5 15
139 728
428 650
250 614
270 157
372 610
427 450
428 460
112 277
204 816
100 384
192 157
708 350
49 260
548 700
275 637
214 431
226 75
189 53
83 640
488 755
303 61
288 362
770 111
735 533
210 599
592 733
696 787
504 642
526 398
151 479
206 443
785 724
110 12
170 161
760 577
523 818
481 815
618 547
412 230
684 686
340 291
425 373
372 20
484 155
809 82
721 557
518 305
495 261
689 516
550 299
258 724
106 801
312 74
442 818
186 639
668 100
324 218
178 655
140 615
589 336
644 602
98 588
262 461
82 274
724 677
249 712
235 493
648 35
507 601
679 170
646 164
209 608
562 505
237 764
254 170
751 744
755 182
187 328
44 599
336 24
444 646
752 656
308 150
148 130
646 202
500 32
477 304
376 93
712 108
473 550
256 210
347 582
300 593
708 693
364 566
309 664
515 325
809 794
148 282
191 558
449 155
429 348
634 269
617 307
709 477
175 593
100 763
696 482
576 643
678 353
809 214
19 18
615 197
247 480
377 257
249 564
252 410
253 4
76 515
791 772
81 370
244 140
88 123
178 270
745 498
193 256
416 124
414 667
201 781
199 750
113 38
593 137
168 407
118 9
330 412
14 76
126 497
609 444
116 228
138 799
301 705
142 60
145 778
534 364
387 203
776 639
668 72
409 122
618 437
657 217
383 181
80 742
121 305
563 646
362 376
573 489
582 166
334 417
420 603
350 715
77 636
815 775
772 160
253 634
632 443
805 328
560 714
580 645
123 371
693 200
342 46
397 454
492 818
226 120
480 803
501 178
304 359
676 7
76 384
572 541
442 800
92 77
538 524
464 646
800 571
545 163
509 489
399 53
312 133
500 707
721 95
226 599
260 186
133 436
289 88
604 71
417 299
435 180
388 636
416 711
680 201
496 277
735 115
10 29
817 411
213 429
102 14
2 307
385 108
296 12
260 714
260 623
194 29
304 567
489 651
56 343
476 237
802 147
205 308
192 220
695 404
692 537
649 559
114 580
371 536
282 776
565 16
658 159
271 814
707 728
615 629
657 522
487 653
201 809
403 507
627 632
683 375
738 589
4 460
598 508
642 752
495 568
684 270
799 448
411 729
304 445
18 285
590 559
754 476
316 602
693 409
127 199
807 376
738 798
463 650
31 525
584 573
676 600
456 38
403 651
379 213
566 187
473 211
244 316
488 657
694 170
72 101
610 730
221 81
684 591
673 16
594 587
419 210
293 367
370 328
225 714
706 216
277 406
702 20
599 73
582 340
451 210
271 615
555 728
188 377
226 465
317 493
12 116
52 163
789 87
420 273
573 736
689 661
712 92
73 518
737 641
6 424
277 558
489 315
690 322
783 85
269 581
435 430
474 34
565 269
589 118
537 523
790 215
499 199
709 269
286 43
487 467
272 128
274 156
590 430
659 383
409 668
391 137
417 185
165 556
459 105
223 208
299 61
49 696
52 403
750 366
552 358
326 625
221 410
574 77
613 30
652 372
159 147
362 813
570 278
426 670
404 74
93 7
389 85
621 660
112 454
812 667
390 252
636 55
120 155
789 287
424 655
617 390
361 580
211 165
619 224
164 85
384 158
350 103
79 559
334 150
135 419
29 700
32 250
451 86
16 100
160 233
731 809
5 165
421 222
557 738
304 190
123 466
125 458
159 591
515 360
366 1
756 649
230 533
410 162
798 473
565 280
409 817
89 522
81 769
495 610
539 373
192 269
432 284
330 439
150 575
172 163
280 783
461 187
357 660
194 451
588 55
650 712
9 155
376 807
433 221
414 457
143 192
697 665
311 553
79 573
463 457
673 554
13 724
214 394
32 701
163 389
272 689
112 38
643 752
316 523
315 757
635 815
122 387
266 567
470 686
457 729
1 339
787 296
774 123
744 272
463 176
339 309
269 610
553 641
147 157
496 653
572 47
339 568
102 569
228 382
531 771
777 716
226 391
706 464
667 478
555 579
264 625
705 232
120 568
467 662
604 140
222 161
621 410
236 261
536 3
495 199
769 237
777 498
377 667
156 582
693 243
491 713
539 789
261 428
405 727
451 50
126 191
510 531
520 59
84 218
801 131
469 416
592 8
689 248
376 280
27 754
198 492
493 213
687 151
618 650
770 660
660 544
19 408
27 680
601 455
394 579
198 709
420 156
794 122
334 435
355 599
535 378
204 650
461 351
136 101
139 589
